iteracao0:
camada0
-0.16, 0.03, 0.02, 
0.16, -0.03, -0.02, 
0.16, -0.03, -0.02, 
camada1
0.00, -0.40, 
-0.00, 0.22, 
-0.00, 0.31, 
0.00, -0.37, 

iteracao0:
camada0
-0.14, -0.13, 0.19, 
0.14, 0.13, -0.19, 
-0.14, -0.13, 0.19, 
camada1
-0.40, 0.00, 
0.25, -0.00, 
-0.25, 0.00, 
-0.13, 0.00, 

iteracao0:
camada0
0.05, 0.01, -0.01, 
0.05, 0.01, -0.01, 
-0.05, -0.01, 0.01, 
camada1
0.00, 0.40, 
-0.00, -0.25, 
0.00, 0.18, 
0.00, 0.31, 

iteracao0:
camada0
-0.11, 0.03, -0.37, 
-0.11, 0.03, -0.37, 
-0.11, 0.03, -0.37, 
camada1
0.40, -0.40, 
-0.21, 0.21, 
0.38, -0.38, 
0.01, -0.01, 

iteracao1:
camada0
-0.03, -0.00, 0.00, 
0.03, 0.00, -0.00, 
0.03, 0.00, -0.00, 
camada1
0.00, -0.40, 
-0.00, 0.32, 
-0.00, 0.32, 
0.00, -0.39, 

iteracao1:
camada0
-0.08, -0.09, 0.14, 
0.08, 0.09, -0.14, 
-0.08, -0.09, 0.14, 
camada1
-0.40, 0.40, 
0.35, -0.35, 
-0.14, 0.14, 
-0.20, 0.20, 

iteracao1:
camada0
0.00, 0.00, 0.00, 
0.00, 0.00, 0.00, 
-0.00, -0.00, -0.00, 
camada1
0.00, 0.00, 
-0.00, -0.00, 
0.00, 0.00, 
0.00, 0.00, 

iteracao1:
camada0
0.00, 0.03, -0.14, 
0.00, 0.03, -0.14, 
0.00, 0.03, -0.14, 
camada1
0.40, -0.40, 
-0.30, 0.30, 
0.38, -0.38, 
-0.29, 0.29, 

iteracao2:
camada0
0.00, 0.00, 0.00, 
-0.00, -0.00, -0.00, 
-0.00, -0.00, -0.00, 
camada1
0.00, 0.00, 
-0.00, -0.00, 
-0.00, -0.00, 
0.00, 0.00, 

iteracao2:
camada0
-0.05, -0.14, -0.00, 
0.05, 0.14, 0.00, 
-0.05, -0.14, -0.00, 
camada1
-0.40, 0.40, 
0.37, -0.37, 
-0.05, 0.05, 
-0.28, 0.28, 

iteracao2:
camada0
0.00, 0.00, 0.00, 
0.00, 0.00, 0.00, 
-0.00, -0.00, -0.00, 
camada1
0.00, 0.00, 
-0.00, -0.00, 
0.00, 0.00, 
0.00, 0.00, 

iteracao2:
camada0
0.03, 0.04, -0.02, 
0.03, 0.04, -0.02, 
0.03, 0.04, -0.02, 
camada1
0.40, 0.00, 
-0.31, -0.00, 
0.38, 0.00, 
-0.35, -0.00, 

iteracao3:
camada0
0.04, 0.07, 0.00, 
-0.04, -0.07, -0.00, 
-0.04, -0.07, -0.00, 
camada1
0.40, -0.40, 
-0.35, 0.35, 
-0.35, 0.35, 
0.40, -0.40, 

iteracao3:
camada0
-0.07, -0.03, 0.09, 
0.07, 0.03, -0.09, 
-0.07, -0.03, 0.09, 
camada1
-0.40, 0.40, 
0.37, -0.37, 
0.07, -0.07, 
-0.27, 0.27, 

iteracao3:
camada0
-0.20, -0.13, 0.04, 
-0.20, -0.13, 0.04, 
0.20, 0.13, -0.04, 
camada1
-0.40, 0.00, 
0.17, -0.00, 
-0.29, 0.00, 
-0.10, 0.00, 

iteracao3:
camada0
0.00, 0.05, -0.06, 
0.00, 0.05, -0.06, 
0.00, 0.05, -0.06, 
camada1
0.40, -0.40, 
-0.34, 0.34, 
0.38, -0.38, 
-0.34, 0.34, 

iteracao4:
camada0
0.06, 0.03, 0.00, 
-0.06, -0.03, -0.00, 
-0.06, -0.03, -0.00, 
camada1
0.40, -0.40, 
-0.36, 0.36, 
-0.35, 0.35, 
0.40, -0.40, 

iteracao4:
camada0
-0.10, 0.16, 0.09, 
0.10, -0.16, -0.09, 
-0.10, 0.16, 0.09, 
camada1
-0.40, 0.40, 
0.37, -0.37, 
0.03, -0.03, 
-0.30, 0.30, 

iteracao4:
camada0
-0.04, 0.07, 0.04, 
-0.04, 0.07, 0.04, 
0.04, -0.07, -0.04, 
camada1
0.00, 0.40, 
-0.00, -0.28, 
0.00, 0.17, 
0.00, 0.09, 

iteracao4:
camada0
0.00, 0.00, 0.00, 
0.00, 0.00, 0.00, 
0.00, 0.00, 0.00, 
camada1
0.00, 0.00, 
-0.00, -0.00, 
0.00, 0.00, 
-0.00, -0.00, 

iteracao5:
camada0
0.03, 0.09, -0.00, 
-0.03, -0.09, 0.00, 
-0.03, -0.09, 0.00, 
camada1
0.40, -0.40, 
-0.36, 0.36, 
-0.32, 0.32, 
0.40, -0.40, 

iteracao5:
camada0
-0.05, 0.03, 0.15, 
0.05, -0.03, -0.15, 
-0.05, 0.03, 0.15, 
camada1
-0.40, 0.40, 
0.38, -0.38, 
-0.17, 0.17, 
-0.33, 0.33, 

iteracao5:
camada0
0.00, 0.00, 0.00, 
0.00, 0.00, 0.00, 
-0.00, -0.00, -0.00, 
camada1
0.00, 0.00, 
-0.00, -0.00, 
0.00, 0.00, 
0.00, 0.00, 

iteracao5:
camada0
0.03, 0.02, -0.20, 
0.03, 0.02, -0.20, 
0.03, 0.02, -0.20, 
camada1
0.40, -0.40, 
-0.36, 0.36, 
0.39, -0.39, 
-0.33, 0.33, 

iteracao6:
camada0
0.02, -0.06, -0.00, 
-0.02, 0.06, 0.00, 
-0.02, 0.06, 0.00, 
camada1
0.00, -0.40, 
-0.00, 0.36, 
-0.00, 0.26, 
0.00, -0.40, 

iteracao6:
camada0
-0.02, 0.20, 0.05, 
0.02, -0.20, -0.05, 
-0.02, 0.20, 0.05, 
camada1
0.00, 0.40, 
-0.00, -0.38, 
0.00, 0.18, 
0.00, 0.36, 

iteracao6:
camada0
-0.25, 0.01, 0.50, 
-0.25, 0.01, 0.50, 
0.25, -0.01, -0.50, 
camada1
-0.40, 0.40, 
0.28, -0.28, 
-0.18, 0.18, 
0.03, -0.03, 

iteracao6:
camada0
-0.01, 0.00, -0.12, 
-0.01, 0.00, -0.12, 
-0.01, 0.00, -0.12, 
camada1
0.00, -0.40, 
-0.00, 0.37, 
0.00, -0.39, 
-0.00, 0.34, 

iteracao7:
camada0
0.05, 0.04, -0.00, 
-0.05, -0.04, 0.00, 
-0.05, -0.04, 0.00, 
camada1
0.40, -0.40, 
-0.37, 0.37, 
-0.25, 0.25, 
0.40, -0.40, 

iteracao7:
camada0
-0.03, 0.10, 0.15, 
0.03, -0.10, -0.15, 
-0.03, 0.10, 0.15, 
camada1
0.00, 0.40, 
-0.00, -0.37, 
0.00, 0.32, 
0.00, 0.30, 

iteracao7:
camada0
0.00, 0.00, 0.00, 
0.00, 0.00, 0.00, 
-0.00, -0.00, -0.00, 
camada1
0.00, 0.00, 
-0.00, -0.00, 
0.00, 0.00, 
0.00, 0.00, 

iteracao7:
camada0
0.00, 0.00, 0.00, 
0.00, 0.00, 0.00, 
0.00, 0.00, 0.00, 
camada1
0.00, 0.00, 
-0.00, -0.00, 
0.00, 0.00, 
-0.00, -0.00, 

iteracao8:
camada0
0.00, 0.00, 0.00, 
-0.00, -0.00, -0.00, 
-0.00, -0.00, -0.00, 
camada1
0.00, 0.00, 
-0.00, -0.00, 
-0.00, -0.00, 
0.00, 0.00, 

iteracao8:
camada0
0.00, 0.00, 0.00, 
-0.00, -0.00, -0.00, 
0.00, 0.00, 0.00, 
camada1
0.00, 0.00, 
-0.00, -0.00, 
0.00, 0.00, 
0.00, 0.00, 

iteracao8:
camada0
0.00, 0.00, 0.00, 
0.00, 0.00, 0.00, 
-0.00, -0.00, -0.00, 
camada1
0.00, 0.00, 
-0.00, -0.00, 
0.00, 0.00, 
0.00, 0.00, 

iteracao8:
camada0
0.00, 0.00, 0.00, 
0.00, 0.00, 0.00, 
0.00, 0.00, 0.00, 
camada1
0.00, 0.00, 
-0.00, -0.00, 
0.00, 0.00, 
-0.00, -0.00, 

